../../.git/annex/objects/mw/vp/MD5E-s12275--68cdfced3e9b8b97328444f242f857cf.tsv/MD5E-s12275--68cdfced3e9b8b97328444f242f857cf.tsv